rgb: 140 177 162
rgb: 67 91 63
rgb: 192 238 227
rgb: 60 84 56
rgb: 38 57 11
rgb: 181 214 196
rgb: 165 199 178
rgb: 42 64 19
rgb: 157 184 157
rgb: 47 73 36
rgb: 77 97 55
rgb: 152 186 171
rgb: 70 89 58
rgb: 166 198 190
rgb: 180 207 180
rgb: 173 194 160
rgb: 170 207 195
rgb: 48 68 45
rgb: 68 91 57
rgb: 63 81 42
rgb: 57 77 43
rgb: 101 127 102
rgb: 181 219 200
rgb: 73 94 67
rgb: 190 226 203
rgb: 59 85 49
rgb: 91 127 102
rgb: 151 203 188
rgb: 43 70 34
rgb: 74 106 80
rgb: 123 172 156
rgb: 50 74 46
rgb: 85 117 95
rgb: 73 111 94
rgb: 166 203 185
rgb: 124 170 157
rgb: 66 88 53
rgb: 110 147 128
rgb: 97 120 95
rgb: 126 158 145
rgb: 65 82 55
rgb: 62 87 70
rgb: 145 194 177
rgb: 50 77 40
rgb: 121 167 149
rgb: 92 122 93
rgb: 156 197 181
rgb: 48 69 33
rgb: 163 188 155
rgb: 129 153 123
rgb: 50 74 45
rgb: 70 117 109
rgb: 57 86 54
rgb: 135 160 134
rgb: 135 160 134
rgb: 187 215 188
rgb: 54 77 32
rgb: 54 77 32
rgb: 44 69 40
rgb: 44 69 40
rgb: 126 170 150
rgb: 41 75 34
rgb: 159 195 178
rgb: 89 113 81
rgb: 178 212 191
rgb: 66 87 57
rgb: 155 190 169
rgb: 106 133 103
rgb: 177 211 196
rgb: 58 80 48
rgb: 49 73 37
rgb: 167 212 194
rgb: 48 75 42
rgb: 186 233 216
rgb: 48 73 34
rgb: 140 142 89
rgb: 56 77 41
rgb: 179 204 172
rgb: 178 219 200
rgb: 47 65 22
rgb: 165 205 177
rgb: 35 53 13
